0.000000
0.062822
0.125396
0.187474
0.309166
0.368300
0.425978
0.481974
0.536066
0.588040
0.637690
0.684822
0.729248
0.770794
0.809294
0.844597
0.876564
0.905068
0.929996
0.951251
0.968747
0.982417
0.992205
0.998074
1.000000
0.997975
0.992008
0.982122
0.968356
0.950765
0.929417
0.904398
0.875807
0.843755
0.808370
0.728172
0.683676
0.636479
0.586768
0.534738
0.480596
0.424556
0.366838
0.307671
0.247289
0.185930
0.123836
0.061253
-0.001572
-0.064390
-0.126955
-0.189017
-0.250334
-0.310661
-0.369761
-0.537392
-0.589310
-0.638900
-0.730323
-0.771794
-0.810216
-0.845438
-0.877319
-0.905735
-0.930573
-0.951734
-0.969136
-0.982709
-0.992400
-0.998170
-0.999997
-0.997874
-0.991808
-0.981825
-0.967963
-0.950276
-0.928836
-0.875047
-0.842910
-0.807444
-0.768787
-0.727094
-0.682528
-0.635266
-0.585494
-0.533410
-0.479218
-0.423133
-0.365376
-0.306176
-0.245766
-0.184386
-0.122277
-0.059685
0.003143
0.065959
0.128513
0.190560
0.251855
0.312154
0.371220
0.428820
0.484726
0.538716
0.590579
0.640108
0.687109
0.731395
0.772792
0.811136
0.846276
0.878072
0.906400
0.931147
0.952215
0.969522
0.982999
0.992592
0.998264
0.997770
0.991606
0.981525
0.967567
0.949786
0.928253
0.903053
0.874285
0.842064
0.806516
0.767781
0.681379
0.634052
0.584220
0.532080
0.477838
0.421708
0.363912
0.304679
0.244242
0.182841
0.120717
0.058116
-0.004715
-0.067527
-0.130072
-0.192103
-0.253375
-0.313647
-0.372679
-0.430239
-0.486100
-0.540040
-0.591846
-0.641315
-0.688250
-0.732466
-0.773789
-0.812054
-0.847112
-0.878823
-0.907063
-0.931719
-0.952694
-0.969906
-0.983286
-0.992782
-0.998355
-0.999985
-0.997664
-0.991402
-0.981224
-0.967169
-0.927667
-0.873521
-0.841215
-0.805585
-0.766774
-0.724932
-0.680228
-0.632835
-0.582943
-0.420283
-0.362448
-0.303182
-0.242718
-0.181295
-0.119156
-0.056547
0.006286
0.069095
0.131630
0.193645
0.254895
0.315139
0.431657
0.487472
0.541362
0.593112
0.642520
0.689389
0.733535
0.774783
0.812971
0.847946
0.879572
0.907723
0.932288
0.953171
0.970287
0.970287
0.983571
0.998444
0.999975
0.997555
0.991195
0.980919
0.966768
0.948798
0.927079
0.901698
0.872755
0.840364
0.765764
0.679075
0.631618
0.581666
0.529416
0.475074
0.360983
0.301684
0.241193
0.179750
0.117596
0.054978
-0.007858
-0.070662
-0.133188
-0.195187
-0.256415
-0.316630
-0.375594
-0.433074
-0.488844
-0.594377
-0.643723
-0.690527
-0.734602
-0.775776
-0.813885
-0.908382
-0.932856
-0.953645
-0.970666
-0.983853
-0.993154
-0.998531
-0.999963
-0.997444
-0.990986
-0.980612
-0.966365
-0.948300
-0.926489
-0.901018
-0.871987
-0.839511
-0.803719
-0.764752
-0.722764
-0.677920
-0.630399
-0.580387
-0.528082
-0.473691
-0.417428
-0.359517
-0.300185
-0.239668
-0.178203
-0.053408
0.009429
0.072230
0.134745
0.257933
0.318120
0.377050
0.434490
0.490214
0.544002
0.595640
0.644925
0.691663
0.735668
0.776767
0.814797
0.849608
0.881063
0.909038
0.933421
0.954116
0.971043
0.984133
0.993336
0.998614
0.999948
0.997331
0.990774
0.980303
0.965960
0.947800
0.925896
0.900335
0.871216
0.838656
0.802783
0.763739
0.721677
0.676764
0.629178
0.579106
0.526747
0.472306
0.416000
0.358050
0.298686
0.238142
0.176657
0.114474
0.051839
-0.011001
-0.073797
-0.136302
-0.198268
-0.259452
-0.319610
-0.378505
-0.545320
-0.596902
-0.646126
-0.692797
-0.736731
-0.777755
-0.815707
-0.850436
-0.881805
-0.909691
-0.933983
-0.954586
-0.971417
-0.984411
-0.993516
-0.998696
-0.999931
-0.997215
-0.990560
-0.979992
-0.965552
-0.947298
-0.925301
-0.899650
-0.870444
-0.837799
-0.801845
-0.762723
-0.720588
-0.675606
-0.627956
-0.577824
-0.525410
-0.470920
-0.414570
-0.356582
-0.297186
-0.236615
-0.175110
-0.112913
-0.050269
0.012572
0.075364
0.137859
0.199809
0.260969
0.321098
0.379959
0.437319
0.492952
0.546637
0.598162
0.647324
0.693929
0.737793
0.778742
0.816615
0.851262
0.882546
0.910343
0.934544
0.955053
0.971789
0.984686
0.993693
0.998775
0.999911
0.997097
0.990343
0.979678
0.965142
0.946793
0.924704
0.898962
0.869669
0.836940
0.800905
0.761706
0.719498
0.674447
0.626732
0.576541
0.524072
0.469533
0.413139
0.355114
0.295685
0.235088
0.173562
0.111351
0.048700
-0.014144
-0.076931
-0.139415
-0.201348
-0.262486
-0.322586
-0.381413
-0.438732
-0.494318
-0.547952
-0.599421
-0.648521
-0.695060
-0.738853
-0.779727
-0.817521
-0.852085
-0.883283
-0.910992
-0.935102
-0.955518
-0.972159
-0.984959
-0.993868
-0.998851
-0.999889
-0.996976
-0.990124
-0.979361
-0.964729
-0.946286
-0.924105
-0.898273
-0.868892
-0.836079
-0.799963
-0.760687
-0.718405
-0.673286
-0.625506
-0.575256
-0.522733
-0.411708
-0.353644
-0.294183
-0.233560
-0.172014
-0.047130
0.015715
0.078498
0.140971
0.202887
0.264002
0.324074
0.382865
0.440144
0.495684
0.549266
0.600678
0.649717
0.696189
0.739911
0.780710
0.818425
0.852907
0.884019
0.935658
0.972526
0.985229
0.994041
0.998926
0.999864
0.996852
0.989903
0.979042
0.964314
0.945777
0.923503
0.897581
0.868113
0.835216
0.799019
0.759665
0.717311
0.672123
0.624279
0.573970
0.521393
0.466756
0.410275
0.352173
0.292681
0.232032
0.170466
0.108227
0.045560
-0.017287
-0.080065
-0.080065
-0.142527
-0.204426
-0.265517
-0.384316
-0.441554
-0.497048
-0.550578
-0.601934
-0.650911
-0.697317
-0.740968
-0.781691
-0.819327
-0.853726
-0.884753
-0.912284
-0.956440
-0.972890
-0.985497
-0.994211
-0.998997
-0.996726
-0.989679
-0.978721
-0.963897
-0.945265
-0.922899
-0.896887
-0.867332
-0.834351
-0.798073
-0.758643
-0.716215
-0.670958
-0.623051
-0.520051
-0.465365
-0.408841
-0.350702
-0.291178
-0.230503
-0.168917
-0.043990
0.018858
0.081631
0.144082
0.205964
0.267032
0.327045
0.385767
0.442964
0.551890
0.603188
0.652103
0.698442
0.742022
0.782671
0.820227
0.854544
0.912926
0.936762
0.956898
0.973253
0.985763
0.994379
0.999066
0.999807
0.996598
0.989452
0.978397
0.963477
0.944751
0.922293
0.896191
0.866549
0.833483
0.797125
0.757618
0.715117
0.669792
0.621821
0.571393
0.518708
0.463974
0.407407
0.349230
0.289674
0.228973
0.167368
0.105102
0.042420
-0.020429
-0.083198
-0.207502
-0.268546
-0.328530
-0.387216
-0.444372
-0.499773
-0.553200
-0.604441
-0.653294
-0.699566
-0.743075
-0.783648
-0.821125
-0.855359
-0.886213
-0.913567
-0.937311
-0.957353
-0.973612
-0.986026
-0.994544
-0.999133
-0.999775
-0.996467
-0.989223
-0.978071
-0.963055
-0.944235
-0.921684
-0.895493
-0.865763
-0.832614
-0.796175
-0.756591
-0.714018
-0.668624
-0.620589
-0.570103
-0.517364
-0.462581
-0.405971
-0.347757
-0.288169
-0.227443
-0.165818
-0.103539
-0.040850
0.022000
0.084764
0.147192
0.209039
0.270060
0.330014
0.388665
0.445780
0.501134
0.554508
0.605692
0.700688
0.744125
0.784623
0.822021
0.856172
0.886940
0.914205
0.957806
0.973970
0.999740
0.996334
0.988992
0.977743
0.962631
0.943716
0.894792
0.864976
0.831742
0.795223
0.755562
0.712917
0.667455
0.619356
0.568811
0.516018
0.461187
0.404534
0.346283
0.286664
0.225912
0.164268
0.101975
0.039279
-0.023572
-0.086329
-0.148746
-0.210575
-0.271573
-0.331497
-0.331497
-0.390112
-0.447186
-0.502493
-0.555815
-0.606942
-0.655670
-0.701809
-0.745174
-0.785597
-0.822915
-0.856983
-0.887665
-0.914841
-0.938402
-0.958256
-0.974325
-0.986544
-0.994867
-0.999259
-0.999703
-0.996198
-0.988758
-0.977412
-0.962204
-0.943195
-0.920461
-0.894089
-0.864186
-0.830869
-0.794269
-0.754532
-0.711814
-0.666284
-0.618122
-0.567517
-0.514671
-0.344808
-0.285158
-0.224381
-0.162718
-0.100412
-0.037709
0.087895
0.150300
0.212112
0.273085
0.332980
0.391559
0.448591
0.503851
0.557121
0.608190
0.656856
0.746222
0.786568
0.823807
0.888388
0.915474
0.938944
0.958704
0.974678
0.986800
0.995025
0.999318
0.999664
0.996060
0.988522
0.977078
0.961775
0.942672
0.919845
0.893384
0.863394
0.829993
0.793314
0.753500
0.710709
0.665111
0.616885
0.566223
0.513323
0.458396
0.401658
0.343333
0.283651
0.222849
0.161167
0.098848
0.036139
-0.026714
-0.089460
-0.151854
-0.213647
-0.213647
-0.274596
-0.334461
-0.393004
-0.449995
-0.505208
-0.558425
-0.609437
-0.658040
-0.704044
-0.747267
-0.824697
-0.858598
-0.889108
-0.916105
-0.939483
-0.959150
-0.975028
-0.987054
-0.995180
-0.999375
-0.999622
-0.995920
-0.988283
-0.976743
-0.961343
-0.942146
-0.892677
-0.862600
-0.829116
-0.792356
-0.752465
-0.709603
-0.663937
-0.615648
-0.564927
-0.511974
-0.456999
-0.400218
-0.341856
-0.282144
-0.221317
-0.159616
-0.097284
-0.034568
0.028285
0.091026
0.153407
0.215182
0.276107
0.335942
0.394449
0.451398
0.506564
0.559728
0.610682
0.659223
0.705159
0.748310
0.788505
0.825585
0.859403
0.889826
0.916734
0.940021
0.959594
0.975376
0.987304
0.995333
0.999429
0.999577
0.995777
0.976405
0.960910
0.941619
0.918608
0.891968
0.861804
0.828236
0.791396
0.751429
0.708494
0.662761
0.563629
0.510623
0.455600
0.398777
0.340379
0.280636
0.219784
0.158064
0.095720
0.032997
-0.029856
-0.092591
-0.154960
-0.216717
-0.277617
-0.337422
-0.395893
-0.452800
-0.507918
-0.561030
-0.611926
-0.660404
-0.706273
-0.749352
-0.860206
-0.890542
-0.917361
-0.940556
-0.960035
-0.975721
-0.987553
-0.995483
-0.999481
-0.999530
-0.995631
-0.987799
-0.976064
-0.960473
-0.941088
-0.917985
-0.891256
-0.827354
-0.790434
-0.750392
-0.707385
-0.661583
-0.613168
-0.562330
-0.509271
-0.454201
-0.397335
-0.338901
-0.279127
-0.218251
-0.094155
-0.031426
0.031426
0.094155
0.156512
0.218251
0.279127
0.338901
0.397335
0.454201
0.509271
0.562330
0.613168
0.661583
0.707385
0.750392
0.790434
0.827354
0.861006
0.891256
0.917985
0.941088
0.960473
0.976064
0.987799
0.995631
0.999530
0.999481
0.995483
0.987553
0.975721
0.960035
0.940556
0.917361
0.890542
0.860206
0.826471
0.789471
0.749352
0.706273
0.660404
0.611926
0.561030
0.507918
0.452800
0.395893
0.337422
0.277617
0.216717
0.154960
0.092591
0.029856
-0.032997
-0.095720
-0.158064
-0.219784
-0.280636
-0.340379
-0.398777
-0.455600
-0.510623
-0.563629
-0.563629
-0.614408
-0.662761
-0.708494
-0.751429
-0.791396
-0.828236
-0.861804
-0.891968
-0.918608
-0.941619
-0.960910
-0.976405
-0.988042
-0.995777
-0.999429
-0.995333
-0.987304
-0.975376
-0.959594
-0.940021
-0.916734
-0.889826
-0.859403
-0.825585
-0.788505
-0.748310
-0.705159
-0.659223
-0.610682
-0.559728
-0.506564
-0.451398
-0.394449
-0.276107
-0.215182
-0.153407
-0.091026
-0.028285
0.034568
0.097284
0.159616
0.221317
0.282144
0.341856
0.400218
0.456999
0.511974
0.564927
0.615648
0.663937
0.709603
0.752465
0.792356
0.829116
0.862600
0.892677
0.919227
0.942146
0.961343
0.976743
0.988283
0.995920
0.999622
0.999375
0.995180
0.987054
0.975028
0.959150
0.939483
0.916105
0.889108
0.858598
0.824697
0.787538
0.747267
0.704044
0.658040
0.558425
0.505208
0.449995
0.393004
0.334461
0.274596
0.213647
0.151854
0.089460
0.026714
-0.036139
-0.098848
-0.161167
-0.222849
-0.283651
-0.343333
-0.401658
-0.458396
-0.513323
-0.566223
-0.616885
-0.665111
-0.710709
-0.753500
-0.793314
-0.829993
-0.863394
-0.893384
-0.919845
-0.942672
-0.961775
-0.977078
-0.988522
-0.996060
-0.999664
-0.999318
-0.995025
-0.974678
-0.958704
-0.938944
-0.915474
-0.888388
-0.857792
-0.823807
-0.786568
-0.746222
-0.702927
-0.656856
-0.608190
-0.557121
-0.503851
-0.448591
-0.332980
-0.273085
-0.212112
-0.150300
-0.087895
-0.025143
0.037709
0.100412
0.162718
0.224381
0.285158
0.403096
0.459792
0.514671
0.567517
0.618122
0.666284
0.711814
0.754532
0.794269
0.830869
0.864186
0.894089
0.920461
0.943195
0.977412
0.988758
0.996198
0.999703
0.999259
0.994867
0.986544
0.974325
0.958256
0.914841
0.887665
0.822915
0.785597
0.745174
0.701809
0.655670
0.606942
0.555815
0.502493
0.447186
0.390112
0.331497
0.271573
0.210575
0.148746
0.086329
0.023572
-0.039279
-0.101975
-0.164268
-0.225912
-0.286664
-0.346283
-0.404534
-0.461187
-0.516018
-0.568811
-0.619356
-0.667455
-0.712917
-0.755562
-0.795223
-0.831742
-0.864976
-0.894792
-0.921074
-0.943716
-0.962631
-0.977743
-0.988992
-0.996334
-0.999740
-0.999197
-0.994707
-0.986286
-0.973970
-0.937858
-0.914205
-0.886940
-0.856172
-0.822021
-0.784623
-0.744125
-0.700688
-0.654483
-0.605692
-0.554508
-0.501134
-0.445780
-0.388665
-0.330014
-0.270060
-0.209039
-0.147192
-0.084764
-0.022000
0.040850
0.103539
0.165818
0.227443
0.347757
0.405971
0.462581
0.517364
0.570103
0.620589
0.668624
0.714018
0.756591
0.796175
0.832614
0.865763
0.895493
0.921684
0.944235
0.963055
0.978071
0.989223
0.996467
0.999775
0.999133
0.994544
0.994544
0.986026
0.973612
0.957353
0.937311
0.913567
0.855359
0.821125
0.783648
0.743075
0.699566
0.653294
0.604441
0.553200
0.499773
0.444372
0.387216
0.328530
0.268546
0.207502
0.145637
0.083198
0.020429
-0.042420
-0.105102
-0.167368
-0.228973
-0.289674
-0.349230
-0.407407
-0.463974
-0.518708
-0.571393
-0.621821
-0.669792
-0.715117
-0.757618
-0.797125
-0.833483
-0.866549
-0.896191
-0.922293
-0.944751
-0.978397
-0.989452
-0.996598
-0.999807
-0.999066
-0.994379
-0.985763
-0.973253
-0.956898
-0.936762
-0.912926
-0.885484
-0.854544
-0.820227
-0.782671
-0.742022
-0.698442
-0.652103
-0.652103
-0.603188
-0.551890
-0.498411
-0.442964
-0.385767
-0.327045
-0.267032
-0.205964
-0.144082
-0.081631
-0.018858
0.043990
0.106664
0.230503
0.291178
0.350702
0.408841
0.465365
0.520051
0.572682
0.623051
0.670958
0.716215
0.758643
0.798073
0.834351
0.867332
0.896887
0.922899
0.945265
0.963897
0.978721
0.989679
0.996726
0.999837
0.998997
0.994211
0.985497
0.972890
0.956440
0.936211
0.912284
0.884753
0.853726
0.819327
0.781691
0.740968
0.697317
0.650911
0.601934
0.550578
0.497048
0.441554
0.384316
0.325560
0.265517
0.204426
0.142527
0.080065
0.017287
-0.045560
-0.108227
-0.170466
-0.232032
-0.292681
-0.352173
-0.410275
-0.466756
-0.521393
-0.573970
-0.624279
-0.672123
-0.717311
-0.759665
-0.799019
-0.835216
-0.868113
-0.897581
-0.923503
-0.945777
-0.964314
-0.979042
-0.989903
-0.996852
-0.999864
-0.998926
-0.994041
-0.985229
-0.972526
-0.955980
-0.935658
-0.911639
-0.884019
-0.852907
-0.818425
-0.780710
-0.739911
-0.649717
-0.600678
-0.549266
-0.495684
-0.440144
-0.324074
-0.264002
-0.202887
-0.140971
-0.078498
-0.015715
0.047130
0.109789
0.172014
0.233560
0.294183
0.353644
0.411708
0.468145
0.575256
0.625506
0.673286
0.718405
0.760687
0.799963
0.836079
0.868892
0.898273
0.924105
0.946286
0.964729
0.979361
0.990124
0.996976
0.999889
0.998851
0.984959
0.972159
0.955518
0.935102
0.910992
0.883283
0.852085
0.817521
0.779727
0.738853
0.695060
0.648521
0.599421
0.547952
0.494318
0.438732
0.381413
0.322586
0.262486
0.139415
0.076931
0.014144
-0.048700
-0.111351
-0.173562
-0.235088
-0.295685
-0.469533
-0.524072
-0.576541
-0.626732
-0.674447
-0.719498
-0.761706
-0.800905
-0.836940
-0.869669
-0.898962
-0.924704
-0.946793
-0.965142
-0.979678
-0.990343
-0.997097
-0.999911
-0.998775
-0.993693
-0.984686
-0.971789
-0.955053
-0.934544
-0.910343
-0.882546
-0.851262
-0.816615
-0.778742
-0.737793
-0.693929
-0.647324
-0.598162
-0.492952
-0.437319
-0.379959
-0.321098
-0.260969
-0.199809
-0.137859
-0.075364
-0.012572
0.050269
0.112913
0.175110
0.236615
0.297186
0.356582
0.414570
0.525410
0.577824
0.627956
0.675606
0.720588
0.762723
0.801845
0.837799
0.870444
0.899650
0.947298
0.965552
0.979992
0.990560
0.997215
0.999931
0.998696
0.993516
0.984411
0.971417
0.954586
0.933983
0.909691
0.850436
0.815707
0.777755
0.736731
0.692797
0.646126
0.596902
0.545320
0.491584
0.435905
0.378505
0.319610
0.259452
0.198268
0.136302
0.073797
0.011001
-0.051839
-0.114474
-0.176657
-0.238142
-0.298686
-0.358050
-0.416000
-0.472306
-0.526747
-0.579106
-0.629178
-0.676764
-0.721677
-0.763739
-0.802783
-0.838656
-0.871216
-0.900335
-0.925896
-0.947800
-0.965960
-0.997331
-0.999948
-0.998614
-0.993336
-0.984133
-0.881063
-0.849608
-0.814797
-0.776767
-0.735668
-0.691663
-0.644925
-0.595640
-0.544002
-0.490214
-0.434490
-0.377050
-0.318120
-0.257933
-0.196728
-0.134745
-0.072230
-0.009429
0.053408
0.116035
0.178203
0.239668
0.300185
0.359517
0.417428
0.473691
0.528082
0.580387
0.630399
0.677920
0.722764
0.764752
0.803719
0.839511
0.871987
0.901018
0.926489
0.948300
0.966365
0.980612
0.990986
0.997444
0.999963
0.998531
0.993154
0.983853
0.970666
0.953645
0.932856
0.908382
0.880319
0.848778
0.813885
0.775776
0.734602
0.690527
0.643723
0.594377
0.542682
0.488844
0.433074
0.375594
0.316630
0.256415
0.195187
0.133188
0.070662
0.007858
-0.054978
-0.117596
-0.179750
-0.241193
-0.301684
-0.360983
-0.418856
-0.475074
-0.529416
-0.581666
-0.631618
-0.679075
-0.723849
-0.765764
-0.804653
-0.840364
-0.872755
-0.901698
-0.927079
-0.948798
-0.966768
-0.980919
-0.991195
-0.997555
-0.998444
-0.992969
-0.970287
-0.953171
-0.932288
-0.907723
-0.879572
-0.847946
-0.812971
-0.774783
-0.733535
-0.689389
-0.642520
-0.593112
-0.541362
-0.487472
-0.431657
-0.374137
-0.315139
-0.254895
-0.193645
-0.131630
-0.069095
0.056547
0.119156
0.181295
0.242718
0.303182
0.362448
0.420283
0.476457
0.530748
0.582943
0.632835
0.680228
0.724932
0.766774
0.805585
0.841215
0.873521
0.902377
0.927667
0.949293
0.967169
0.981224
0.991402
0.997664
0.999985
0.998355
0.992782
0.983286
0.969906
0.952694
0.907063
0.878823
0.847112
0.812054
0.773789
0.732466
0.688250
0.641315
0.591846
0.540040
0.486100
0.430239
0.372679
0.313647
0.253375
0.192103
0.130072
0.067527
0.004715
-0.058116
-0.120717
-0.244242
-0.304679
-0.363912
-0.421708
-0.477838
-0.532080
-0.584220
-0.634052
-0.681379
-0.726014
-0.767781
-0.806516
-0.842064
-0.874285
-0.903053
-0.928253
-0.949786
-0.967567
-0.981525
-0.991606
-0.997770
-0.999992
-0.998264
-0.992592
-0.952215
-0.931147
-0.906400
-0.878072
-0.846276
-0.811136
-0.772792
-0.731395
-0.687109
-0.640108
-0.590579
-0.538716
-0.484726
-0.428820
-0.371220
-0.312154
-0.251855
-0.190560
-0.128513
-0.065959
-0.003143
0.059685
0.122277
0.184386
0.245766
0.306176
0.365376
0.423133
0.479218
0.533410
0.585494
0.682528
0.727094
0.768787
0.807444
0.842910
0.875047
0.903727
0.928836
0.950276
0.967963
0.981825
0.991808
0.997874
0.999997
0.998170
0.992400
0.982709
0.969136
0.951734
0.930573
0.905735
0.877319
0.845438
0.810216
0.771794
0.730323
0.685966
0.638900
0.589310
0.537392
0.483350
0.369761
0.310661
0.250334
0.189017
0.064390
0.001572
-0.061253
-0.123836
-0.185930
-0.247289
-0.307671
-0.366838
-0.424556
-0.480596
-0.534738
-0.586768
-0.636479
-0.683676
-0.728172
-0.769791
-0.808370
-0.843755
-0.875807
-0.904398
-0.929417
-0.950765
-0.968356
-0.982122
-0.992008
-0.997975
-1.000000
-0.998074
-0.992205
-0.982417
-0.968747
-0.951251
-0.929996
-0.844597
-0.770794
-0.729248
-0.684822
-0.637690
-0.588040
-0.536066
-0.481974
-0.425978
-0.368300
-0.309166
-0.248812
-0.187474
-0.125396
-0.062822
-0.000000
